esp	Espece	Nombre de paires synténiques chez HomoPan présentes chez l'homme et l'espèce considérée	Nombre de paires synténiques chez HomoPan présentes dans l'espèce considérée	N : Nombre de paires synténiques chez HomoPan Homme/Esp normalisé par Nombre de paires chez l'homme	R = 100/N	log(100/N)	Couverture	Cor : Correction couverture (couv/6 si couv < 6)	100/N * Cor (1 minimum)	nom	esp_avril12
anoCar1	Anolis.carolinensis	7622	8046	41,4396781384	2,4131461559	0,3825836264	7,1	1	2,4131461559	Anocar	anoCar2
bosTau4	Bos.taurus	13114	13758	71,2988636981	1,4025468964	0,1469173915	7,1	1	1,4025468964	Bostau	bosTau6
calJac1	Callithrix.jacchus	12575	13279	68,3684010221	1,4626640159	0,1651445771	6	1	1,4626640159	Caljac	calJac3
canFam2	Canis.familiaris	12365	13105	67,2266623172	1,4875050546	0,1724584501	7,6	1	1,4875050546	Canfam	canFam2
cavPor3	Cavia.porcellus	12232	12902	66,5035611374	1,5036788751	0,1771550984	6,76	1	1,5036788751	Cavpor	cavPor3
choHof1	Choloepus.hoffmanni	1197	1265	6,5079106182	15,365914787	1,1865584204	2,05	0,34	5,2244110276	Chohof	choHof1
danRer6	Danio.rerio	4369	4595	23,7536019138	4,2098878462	0,6242705261	6,5	1	4,2098878462	Danrer	danRer7
dasNov2	Dasypus.novemcinctus	3363	3564	18,284129832	5,4692239072	0,7379257035	2	0,33	1,8048438894	Dasnov	dasNov2
dipOrd1	Dipodomys.ordii	4914	5209	26,7166856956	3,742979243	0,5732174187	1,85	0,31	1,1603235653	Dipord	dipOrd1
echTel1	Echinops.telfairi	2765	2916	15,0328929484	6,652079566	0,8229574352	2	0,33	2,1951862568	Echtel	echTel1
equCab2	Equus.caballus	12797	13555	69,5753819388	1,4372899898	0,1575444009	6,8	1	1,4372899898	Equcab	equCab2
eriEur1	Erinaceus.europaeus	2208	2339	12,0045669548	8,3301630435	0,9206535018	1,86	0,31	2,5823505435	Erieur	eriEur1
felCat3	Felis.catus	6113	11579	33,2354700158	3,0088336332	0,4783981751	2	0,33	1	Felcat	felCat3
fr2	Takifugu.rubripes	3800	4010	20,6600337085	4,8402631579	0,6848689742	8,5	1	4,8402631579	Takrub	fr2
galGal3	Gallus.gallus	8091	8527	43,9895612461	2,2732665925	0,3566503697	6,6	1	2,2732665925	Galgal	galGal3
gasAcu1	Gasterosteus.aculeatus	4098	4328	22,2802152993	4,4882869693	0,6520806168	10,6	1	4,4882869693	Gasacu	gasAcu1
gorGor3	Gorilla.gorilla	12255	13164	66,6286087098	1,5008567931	0,1763392553	2,1	0,35	1	Gorgor	gorGor3
hg19	Homo.sapiens	18393	18393	100	1	0	10	1	1	Homsap	hg19
loxAfr3	Loxodonta.africana	12916	13607	70,2223672049	1,4240476928	0,1535245345	7	1	1,4240476928	Loxafr	loxAfr3
macEug1	Macropus.eugenii	1924	2053	10,4605012777	9,5597713098	0,9804475031	2	0,33	3,1547245322	Maceug	macEug1
micMur1	Microcebus.murinus	7341	7853	39,9119230142	2,5055169595	0,3988973468	1,93	0,32	1	Micmur	micMur1
mm9	Mus.musculus	13686	14344	74,4087424564	1,3439281017	0,1283760352	10	1	1,3439281017	Musmus	mm9
monDom5	Monodelphis.domestica	10515	11101	57,1684880117	1,7492154066	0,2428432938	6,8	1	1,7492154066	Mondom	monDom5
myoLuc1	Myotis.lucifugus	10699	11221	58,1688685913	1,7191326292	0,2353093833	1,7	0,28	1	Myoluc	myoLuc1
ochPri2	Ochotona.princeps	6657	7096	36,1931169467	2,7629562866	0,4413740139	1,93	0,32	1	Ochpri	ochPri2
ornAna1	Ornithorhynchus.anatinus	4967	5264	27,0048387974	3,7030400644	0,5685584109	6	1	3,7030400644	Ornana	ornAna1
oryCun2	Oryctolagus.cuniculus	11252	11865	61,175447181	1,6346427302	0,2134228474	7,48	1	1,6346427302	Orycun	oryCun2
oryLat2	Oryzias.latipes	3693	3894	20,0782906541	4,9805036556	0,6972732632	8	1	4,9805036556	Orylat	oryLat2
otoGar1	Otolemur.garnettii	5750	6140	31,2618931115	3,1987826087	0,5049847262	1,5	0,25	1	Otogar	otoGar1
panTro2	Pan.troglodytes	15044	17708	81,7919860817	1,2226136666	0,0872892461	6	1	1,2226136666	Pantro	panTro3
ponAbe2	Pongo.pygmaeus/ablii	13228	14581	71,9186647094	1,3904596311	0,1431583846	6	1	1,3904596311	Ponabe	ponAbe2
proCap1	Procavia.capensis	4626	4918	25,1508726146	3,9760051881	0,5994469424	2,19	0,37	1,4711219196	Procap	proCap1
pteVam1	Pteropus.vampyrus	9153	9791	49,7634969825	2,0095050803	0,3030891085	2,63	0,44	1	Ptevam	pteVam1
rheMac2	Macaca.mulatta	12589	13470	68,4445169358	1,4610374136	0,1646613373	5,1	0,85	1,2418818016	Macmul	rheMac2
rn4	Rattus.norvegicus	11802	12406	64,1657152177	1,558464667	0,1926969605	3	0,5	1	Ratnor	rn4
sorAra1	Sorex.araneus	2414	2534	13,1245582559	7,6193040597	0,8819153051	1,9	0,32	2,4381772991	Sorara	sorAra1
speTri1	Spermophilus.tridecemlineatus	4981	5275	27,080954711	3,6926320016	0,5673360291	1,9	0,32	1,1816422405	Spetri	speTri1
taeGut1	Taeniopygia.guttata	7574	7971	41,1787092916	2,4284393979	0,3853272701	6	1	2,4284393979	Taegut	taeGut1
tarSyr1	Tarsius.syrichta	1653	1759	8,9871146632	11,1270417423	1,0463797173	1,82	0,3	3,3381125227	Tarsyr	tarSyr1
tetNig2	Tetraodon.nigroviridis	3068	3231	16,6802587941	5,9951108214	0,7777972156	7,9	1	5,9951108214	Tetnig	tetNig2
tupBel1	Tupaia.belangeri	5211	5509	28,3314304355	3,5296488198	0,5477314977	2	0,33	1,1647841105	Tupbel	tupBel1
turTru1	Tursiops.truncatus	9287	9907	50,4920350133	1,9805103909	0,2967771253	2,59	0,43	1	Turtru	turTru1
vicPac1	Vicugna.pacos	5109	5455	27,7768716359	3,6001174398	0,5563166682	2,51	0,42	1,5120493247	Vicpac	vicPac1
xenTro2	Xenopus.tropicalis	6492	6828	35,2960365356	2,8331792976	0,4522740597	7,65	1	2,8331792976	Xentro	xenTro3
-	Petromyzon.marinus	291	307	1,582123634	63,206185567	1,8007595819	5	0,8333333333	52,6718213058	Petmar	petMar1
